Vertex 2.5 0
1 0 1.8 3.42929
1.8 3.42929 4.2 9.34666
4.2 9.34666 8.2 18.6483
8.2 18.6483 13.8 31.5366
13.8 31.5366 21 48.0625
21 48.0625 29.8 68.2419
29.8 68.2419 40.2 92.0813
40.2 92.0813 52.2 119.583
52.2 119.583 65.8 150.749
Vertex 5 1.2
1.2 2.3 8.12 3.42929
1.8 3.42929 4.2 9.34666
4.2 9.34666 8.2 18.6483
8.2 18.6483 13.8 31.5366
13.8 31.5366 21 48.0625
21 48.0625 29.8 68.2419
29.8 68.2419 40.2 92.0813
40.2 92.0813 52.2 119.583
52.2 119.583 65.8 150.749
Vertex 0.5 5.2
1.2 2.3 8.12 3.42929
1.8 3.42929 4.2 9.34666
4.2 9.34666 8.2 18.6483
Vertex 4 2.2
1.2 2.3 8.12 3.42929
1.8 3.42929 4.2 9.34666
4.2 9.34666 8.2 18.6483
8.2 18.6483 13.8 31.5366
